[0.1,0,0,0.1,6,8,0.03225806452],#R top
						[0,0.08,-0.28,0,5.4,6.0,0.03225806452],#R v left
						[0,0.08,-0.16,0,8,7.0,0.03225806452],#R v r
						[0.06, 0, 0, 0.06, 6.5, 3.6, 0.03225806452],#R mid
						[0.065,0.05,-0.12,0.065,6.8,2,0.03225806452],#R angle

						[0.1, 0, 0, 0.1, 10, 8, 0.03225806452],#C top
						[0,0.08,-0.24,0,9.4,6.1,0.03225806452],#C v 
						[0.1, 0, 0, 0.1, 10, -0.8, 0.03225806452],#C bot
						

						[0.1, 0, 0, 0.1, 14, 8, 0.03225806452],#I  top
						[0,0.08,-0.24,0,14.5,6.1,0.03225806452],#I v
						[0.1, 0, 0, 0.1, 14, -0.8, 0.03225806452],#I bot 
						

						[0.1, 0, 0, 0.1, 18, 8, 0.03225806452], # A top
						[0,0.08,-0.28,0,17.4,6,0.03225806452], # A V left
						[0.05, 0, 0, 0.06, 18.5, 3.6, 0.03225806452], # A mid
						[0,0.08,-0.28,0,19.8,6,0.03225806452], # A V right
						


						[0.1, 0, 0, 0.1, 22, 8, 0.03225806452],#Z top
						[-0.065,0.05,-0.2,-0.06,23.5,6.1,0.03225806452], #Z angle
						[0.1, 0, 0, 0.1,22, -0.8, 0.03225806452] #Z bot
						
